Pressure [Pa] Altitude [cm]
             101325             0
             100579          6224
              99838         12449
              99102         18673
              98370         24898
              97642         31122
              96918         37347
              96199         43571
              95484         49796
              94774         56020
              94068         62244
              93366         68469
              92668         74693
              91974         80918
              91285         87142
              90600         93367
              89919         99591
              89242        105816
              88570        112040
              87901        118265
              87237        124489
              86576        130713
              85920        136938
              85268        143162
              84620        149387
              83975        155611
              83335        161836
              82699        168060
              82066        174285
              81438        180509
              80813        186733
              80193        192958
              79576        199182
              78963        205407
              78354        211631
              77749        217856
              77147        224080
              76549        230305
              75955        236529
              75365        242754
              74778        248978
              74196        255202
              73616        261427
              73041        267651
              72469        273876
              71901        280100
              71336        286325
              70775        292549
              70218        298774
              69664        304998
              69114        311222
              68567        317447
              68024        323671
              67484        329896
              66948        336120
              66415        342345
              65885        348569
              65359        354794
              64837        361018
              64317        367242
              63802        373467
              63289        379691
              62780        385916
              62274        392140
              61772        398365
              61272        404589
              60777        410814
              60284        417038
              59794        423263
              59308        429487
              58825        435711
              58345        441936
              57869        448160
              57395        454385
              56925        460609
              56457        466834
              55993        473058
              55532        479283
              55074        485507
              54619        491731
              54168        497956
              53719        504180
              53273        510405
              52830        516629
              52390        522854
              51954        529078
              51520        535303
              51089        541527
              50661        547752
              50236        553976
              49813        560200
              49394        566425
              48978        572649
              48564        578874
              48153        585098
              47745        591323
              47340        597547
              46938        603772
              46538        609996
              46141        616220
              45747        622445
              45356        628669
              44967        634894
              44581        641118
              44198        647343
              43817        653567
              43439        659792
              43064        666016
              42691        672240
              42321        678465
              41954        684689
              41589        690914
              41226        697138
              40867        703363
              40510        709587
              40155        715812
              39803        722036
              39453        728261
              39106        734485
              38761        740709
              38419        746934
              38079        753158
              37742        759383
              37407        765607
              37075        771832
              36745        778056
              36417        784281
              36092        790505
              35769        796729
              35448        802954
              35130        809178
              34814        815403
              34500        821627
              34189        827852
              33880        834076
              33573        840301
              33268        846525
              32966        852749
              32666        858974
              32368        865198
              32072        871423
              31779        877647
              31487        883872
              31198        890096
              30911        896321
              30626        902545
              30344        908770
              30063        914994
              29784        921218
              29508        927443
              29234        933667
              28961        939892
              28691        946116
              28423        952341
              28157        958565
              27893        964790
              27631        971014
              27371        977238
              27112        983463
              26856        989687
              26602        995912
              26350       1002136
              26100       1008361
              25851       1014585
              25605       1020810
              25360       1027034
              25118       1033259
              24877       1039483
              24638       1045707
              24401       1051932
              24166       1058156
              23932       1064381
              23701       1070605
              23471       1076830
              23243       1083054
              23017       1089279
              22793       1095503
              22574       1101727
              22354       1107952
              22135       1114176
              21919       1120401
              21705       1126625
              21493       1132850
              21283       1139074
              21075       1145299
              20869       1151523
              20665       1157747
              20464       1163972
              20264       1170196
              20066       1176421
              19870       1182645
              19676       1188870
              19484       1195094
              19293       1201319
              19105       1207543
              18918       1213768
              18733       1219992
              18550       1226216
              18369       1232441
              18190       1238665
              18012       1244890
              17836       1251114
              17662       1257339
              17490       1263563
              17319       1269788
              17150       1276012
              16982       1282236
              16816       1288461
              16652       1294685
              16489       1300910
              16328       1307134
              16169       1313359
              16011       1319583
              15854       1325808
              15700       1332032
              15546       1338257
              15394       1344481
              15244       1350705
              15095       1356930
              14948       1363154
              14802       1369379
              14657       1375603
              14514       1381828
              14372       1388052
              14232       1394277
              14093       1400501
              13955       1406725
              13819       1412950
              13684       1419174
              13550       1425399
              13418       1431623
              13287       1437848
              13157       1444072
              13029       1450297
              12901       1456521
              12775       1462745
              12651       1468970
              12527       1475194
              12405       1481419
              12283       1487643
              12164       1493868
              12045       1500092
              11927       1506317
              11811       1512541
              11695       1518766
              11581       1524990
              11468       1531214
              11356       1537439
              11245       1543663
              11135       1549888
              11026       1556112
              10919       1562337
              10812       1568561
              10706       1574786
              10602       1581010
              10498       1587234
              10396       1593459
              10294       1599683
              10194       1605908
              10094       1612132
               9996       1618357
               9898       1624581
               9801       1630806
               9705       1637030
               9611       1643255
               9517       1649479
               9424       1655703
               9332       1661928
               9241       1668152
               9150       1674377
               9061       1680601
               8973       1686826
               8885       1693050
               8798       1699275
               8712       1705499
               8627       1711723
               8543       1717948
               8459       1724172
               8377       1730397
               8295       1736621
               8214       1742846
               8134       1749070
               8054       1755295
               7976       1761519
               7898       1767743
               7821       1773968
               7744       1780192
               7669       1786417
               7594       1792641
               7519       1798866
               7446       1805090
               7373       1811315
               7301       1817539
               7230       1823764
               7159       1829988
               7089       1836212
               7020       1842437
               6952       1848661
               6884       1854886
               6816       1861110
               6750       1867335
               6684       1873559
               6619       1879784
               6554       1886008
               6490       1892232
               6427       1898457
               6364       1904681
               6302       1910906
               6240       1917130
               6179       1923355
               6119       1929579
               6059       1935804
               6000       1942028
               5941       1948253
               5883       1954477
               5826       1960701
               5769       1966926
               5713       1973150
               5657       1979375
               5602       1985599
               5547       1991824
               5493       1998048
               5440       2004273
               5387       2010497
               5334       2016721
               5282       2022946
               5231       2029170
               5180       2035395
               5129       2041619
               5079       2047844
               5030       2054068
               4981       2060293
               4932       2066517
               4884       2072741
               4837       2078966
               4789       2085190
               4743       2091415
               4697       2097639
               4651       2103864
               4606       2110088
               4561       2116313
               4517       2122537
               4473       2128762
               4430       2134986
               4387       2141210
               4344       2147435
               4302       2153659
               4260       2159884
               4219       2166108
               4178       2172333
               4137       2178557
               4097       2184782
               4058       2191006
               4018       2197230
               3980       2203455
               3941       2209679
               3903       2215904
               3865       2222128
               3828       2228353
               3791       2234577
               3754       2240802
               3718       2247026
               3682       2253251
               3646       2259475
               3611       2265699
               3576       2271924
               3542       2278148
               3508       2284373
               3474       2290597
               3440       2296822
               3407       2303046
               3375       2309271
               3342       2315495
               3310       2321719
               3278       2327944
               3246       2334168
               3215       2340393
               3184       2346617
               3154       2352842
               3123       2359066
               3093       2365291
               3064       2371515
               3034       2377739
               3005       2383964
               2976       2390188
               2948       2396413
               2919       2402637
               2891       2408862
               2864       2415086
               2836       2421311
               2809       2427535
               2782       2433760
               2756       2439984
               2729       2446208
               2703       2452433
               2677       2458657
               2652       2464882
               2626       2471106
               2601       2477331
               2576       2483555
               2552       2489780
               2527       2496004
               2503       2502228
               2479       2508453
               2456       2514677
               2432       2520902
               2409       2527126
               2386       2533351
               2363       2539575
               2341       2545800
               2318       2552024
               2296       2558248
               2275       2564473
               2253       2570697
               2231       2576922
               2210       2583146
               2189       2589371
               2168       2595595
               2148       2601820
               2127       2608044
               2107       2614269
               2087       2620493
               2067       2626717
               2048       2632942
               2028       2639166
               2009       2645391
               1990       2651615
               1971       2657840
               1952       2664064
               1934       2670289
               1916       2676513
               1897       2682737
               1879       2688962
               1862       2695186
               1844       2701411
               1827       2707635
               1809       2713860
               1792       2720084
               1775       2726309
               1759       2732533
               1742       2738758
               1725       2744982
               1709       2751206
               1693       2757431
               1677       2763655
               1661       2769880
               1646       2776104
               1630       2782329
               1615       2788553
               1599       2794778
               1584       2801002
               1569       2807226
               1555       2813451
               1540       2819675
               1526       2825900
               1511       2832124
               1497       2838349
               1483       2844573
               1469       2850798
               1455       2857022
               1441       2863246
               1428       2869471
               1415       2875695
               1401       2881920
               1388       2888144
               1375       2894369
               1362       2900593
               1349       2906818
               1337       2913042
               1324       2919267
               1312       2925491
               1300       2931715
               1287       2937940
               1275       2944164
               1263       2950389
               1252       2956613
               1240       2962838
               1228       2969062
               1217       2975287
               1205       2981511
               1194       2987735
               1183       2993960
               1172       3000184
               1161       3006409
               1150       3012633
               1139       3018858
               1129       3025082
               1118       3031307
               1108       3037531
               1097       3043756
               1087       3049980
               1077       3056204
               1067       3062429
               1057       3068653
               1047       3074878
               1038       3081102
               1028       3087327
               1018       3093551
               1009       3099776
               1000       3106000
